2	1	1
3	1	1
4	1	1
5	1	1
6	1	1
8	1	1
9	1	1
10	1	1
11	1	1
12	1	1
13	1	1
14	1	1
15	1	1
16	1	1
17	1	1
18	1	1
19	1	1
20	1	1
22	1	1
24	1	1
25	1	1
28	1	1
53	1	1
62	1	1
73	1	1
84	1	1
93	1	1
98	1	1
100	1	1
101	1	1
102	1	1
103	1	1
104	1	1
105	1	1
106	1	1
107	1	1
108	1	1
109	1	1
110	1	1
111	1	1
112	1	1
113	1	1
114	1	1
115	1	1
116	1	1
117	1	1
118	1	1
119	1	1
120	1	1
121	1	1
122	1	1
123	1	1
124	1	1
125	1	1
126	1	1
127	1	1
129	1	1
130	1	1
131	1	1
132	1	1
133	1	1
134	1	1
135	1	1
136	1	1
137	1	1
138	1	1
139	1	1
140	1	1
141	1	1
142	1	1
143	1	1
144	1	1
147	1	1
148	1	1
149	1	1
151	1	1
155	1	1
156	1	1
161	1	1
162	1	1
163	1	1
164	1	1
165	1	1
166	1	1
167	1	1
168	1	1
169	1	1
170	1	1
172	1	1
173	1	1
174	1	1
175	1	1
176	1	1
177	1	1
178	1	1
179	1	1
180	1	1
181	1	1
1	2	1
3	2	1
4	2	1
5	2	1
13	2	1
22	2	1
23	2	1
24	2	1
26	2	1
28	2	1
33	2	1
53	2	1
62	2	1
73	2	1
84	2	1
93	2	1
98	2	1
100	2	1
101	2	1
102	2	1
103	2	1
104	2	1
105	2	1
106	2	1
107	2	1
108	2	1
109	2	1
110	2	1
111	2	1
112	2	1
113	2	1
114	2	1
115	2	1
116	2	1
117	2	1
118	2	1
120	2	1
121	2	1
122	2	1
123	2	1
124	2	1
125	2	1
126	2	1
128	2	1
134	2	1
135	2	1
136	2	1
137	2	1
139	2	1
141	2	1
147	2	1
148	2	1
149	2	1
150	2	1
151	2	1
156	2	1
163	2	1
164	2	1
165	2	1
166	2	1
167	2	1
168	2	1
169	2	1
170	2	1
171	2	1
172	2	1
173	2	1
174	2	1
175	2	1
176	2	1
177	2	1
178	2	1
179	2	1
180	2	1
181	2	1
1	3	1
2	3	1
13	3	1
32	3	1
99	3	1
119	3	1
128	3	1
150	3	1
155	3	1
157	3	1
158	3	1
159	3	1
160	3	1
161	3	1
165	3	1
171	3	1
172	3	1
173	3	1
174	3	1
175	3	1
176	3	1
177	3	1
178	3	1
1	4	1
2	4	1
13	4	1
32	4	1
99	4	1
119	4	1
128	4	1
150	4	1
155	4	1
157	4	1
158	4	1
159	4	1
160	4	1
161	4	1
165	4	1
171	4	1
172	4	1
173	4	1
174	4	1
175	4	1
176	4	1
177	4	1
178	4	1
1	5	1
2	5	1
13	5	1
32	5	1
99	5	1
119	5	1
128	5	1
150	5	1
155	5	1
157	5	1
158	5	1
159	5	1
160	5	1
161	5	1
165	5	1
171	5	1
172	5	1
173	5	1
174	5	1
175	5	1
176	5	1
177	5	1
178	5	1
1	6	1
9	6	1
13	6	1
14	6	1
16	6	1
32	6	1
99	6	1
155	6	1
157	6	1
158	6	1
159	6	1
160	6	1
165	6	1
167	6	1
169	6	1
170	6	1
171	6	1
172	6	1
173	6	1
174	6	1
175	6	1
176	6	1
177	6	1
178	6	1
13	7	1
99	7	1
119	7	1
128	7	1
150	7	1
161	7	1
171	7	1
172	7	1
173	7	1
174	7	1
175	7	1
176	7	1
177	7	1
178	7	1
1	8	1
13	8	1
32	8	1
99	8	1
119	8	1
128	8	1
150	8	1
154	8	1
155	8	1
157	8	1
158	8	1
159	8	1
160	8	1
161	8	1
165	8	1
171	8	1
172	8	1
173	8	1
174	8	1
175	8	1
176	8	1
177	8	1
178	8	1
1	9	1
6	9	1
13	9	1
25	9	1
32	9	1
119	9	1
125	9	1
126	9	1
127	9	1
128	9	1
129	9	1
130	9	1
131	9	1
132	9	1
133	9	1
134	9	1
135	9	1
136	9	1
137	9	1
138	9	1
140	9	1
141	9	1
142	9	1
143	9	1
150	9	1
154	9	1
155	9	1
157	9	1
158	9	1
159	9	1
160	9	1
161	9	1
165	9	1
167	9	1
168	9	1
171	9	1
172	9	1
173	9	1
174	9	1
175	9	1
176	9	1
177	9	1
178	9	1
1	10	1
13	10	1
32	10	1
99	10	1
119	10	1
128	10	1
150	10	1
154	10	1
155	10	1
157	10	1
158	10	1
159	10	1
160	10	1
161	10	1
165	10	1
171	10	1
172	10	1
173	10	1
174	10	1
175	10	1
176	10	1
177	10	1
178	10	1
1	11	1
13	11	1
32	11	1
99	11	1
119	11	1
128	11	1
150	11	1
154	11	1
155	11	1
157	11	1
158	11	1
159	11	1
160	11	1
161	11	1
165	11	1
171	11	1
172	11	1
173	11	1
174	11	1
175	11	1
176	11	1
177	11	1
178	11	1
1	12	1
13	12	1
32	12	1
99	12	1
119	12	1
128	12	1
150	12	1
154	12	1
155	12	1
157	12	1
158	12	1
159	12	1
160	12	1
161	12	1
165	12	1
171	12	1
172	12	1
173	12	1
174	12	1
175	12	1
176	12	1
177	12	1
178	12	1
1	13	1
2	13	1
3	13	1
4	13	1
5	13	1
6	13	1
7	13	1
8	13	1
9	13	1
10	13	1
11	13	1
12	13	1
13	13	1
14	13	1
15	13	1
16	13	1
17	13	1
18	13	1
19	13	1
20	13	1
22	13	1
23	13	1
24	13	1
25	13	1
26	13	1
27	13	1
28	13	1
33	13	1
93	13	1
101	13	2
102	13	1
103	13	1
104	13	1
105	13	1
106	13	1
107	13	1
108	13	1
109	13	1
110	13	1
111	13	1
112	13	1
113	13	1
114	13	1
115	13	1
116	13	1
117	13	1
118	13	1
119	13	1
120	13	1
121	13	1
122	13	1
123	13	1
124	13	1
125	13	1
126	13	1
127	13	1
128	13	1
129	13	1
130	13	1
131	13	1
132	13	1
133	13	1
134	13	1
135	13	1
136	13	1
137	13	1
138	13	1
139	13	1
140	13	1
141	13	1
142	13	1
143	13	1
144	13	1
147	13	1
148	13	1
149	13	1
150	13	1
151	13	1
152	13	1
153	13	1
154	13	1
155	13	1
156	13	1
160	13	1
161	13	1
162	13	1
163	13	1
164	13	1
165	13	1
166	13	1
167	13	1
168	13	1
169	13	1
170	13	1
171	13	1
172	13	1
173	13	1
174	13	1
175	13	1
176	13	1
177	13	1
178	13	1
179	13	1
180	13	1
181	13	1
1	14	1
6	14	1
13	14	1
32	14	1
99	14	1
119	14	1
125	14	1
126	14	1
127	14	1
128	14	1
129	14	1
130	14	1
131	14	1
132	14	1
133	14	1
134	14	1
135	14	1
136	14	1
137	14	1
138	14	1
140	14	1
141	14	1
142	14	1
143	14	1
150	14	1
154	14	1
155	14	1
157	14	1
158	14	1
159	14	1
160	14	1
161	14	1
165	14	1
167	14	1
171	14	1
172	14	1
173	14	1
174	14	1
175	14	1
176	14	1
177	14	1
178	14	1
1	15	1
13	15	1
32	15	1
99	15	1
119	15	1
128	15	1
150	15	1
154	15	1
155	15	1
157	15	1
158	15	1
159	15	1
160	15	1
161	15	1
165	15	1
171	15	1
172	15	1
173	15	1
174	15	1
175	15	1
176	15	1
177	15	1
178	15	1
1	16	1
6	16	1
13	16	1
32	16	1
99	16	1
119	16	1
125	16	1
126	16	1
127	16	1
128	16	1
129	16	1
130	16	1
131	16	1
132	16	1
133	16	1
134	16	1
135	16	1
136	16	1
137	16	1
138	16	1
140	16	1
141	16	1
142	16	1
143	16	1
150	16	1
154	16	1
155	16	1
157	16	1
158	16	1
159	16	1
160	16	1
161	16	1
165	16	1
167	16	1
171	16	1
172	16	1
173	16	1
174	16	1
175	16	1
176	16	1
177	16	1
178	16	1
1	17	1
13	17	1
32	17	1
99	17	1
119	17	1
128	17	1
150	17	1
154	17	1
155	17	1
157	17	1
158	17	1
159	17	1
160	17	1
161	17	1
165	17	1
171	17	1
172	17	1
173	17	1
174	17	1
175	17	1
176	17	1
177	17	1
178	17	1
1	18	1
13	18	1
32	18	1
99	18	1
119	18	1
128	18	1
150	18	1
154	18	1
155	18	1
157	18	1
158	18	1
159	18	1
160	18	1
161	18	1
165	18	1
171	18	1
172	18	1
173	18	1
174	18	1
175	18	1
176	18	1
177	18	1
178	18	1
1	19	1
13	19	1
99	19	1
119	19	1
128	19	1
150	19	1
161	19	1
171	19	1
172	19	1
173	19	1
174	19	1
175	19	1
176	19	1
177	19	1
178	19	1
1	20	1
13	20	1
29	20	1
30	20	1
31	20	1
32	20	1
119	20	1
128	20	1
150	20	1
154	20	1
155	20	1
157	20	1
158	20	1
159	20	1
160	20	1
161	20	1
165	20	1
171	20	1
172	20	1
173	20	1
174	20	1
175	20	1
176	20	1
177	20	1
178	20	1
99	21	1
1	22	1
2	22	1
13	22	1
26	22	1
99	22	1
119	22	1
128	22	1
150	22	1
161	22	1
2	23	1
13	23	1
33	23	1
53	23	1
62	23	1
73	23	1
84	23	1
93	23	1
98	23	1
100	23	1
101	23	1
102	23	1
103	23	1
104	23	1
105	23	1
106	23	1
107	23	1
108	23	1
109	23	1
110	23	1
111	23	1
112	23	1
113	23	1
114	23	1
115	23	1
116	23	1
117	23	1
118	23	1
119	23	1
120	23	1
121	23	1
122	23	1
123	23	1
124	23	1
125	23	1
126	23	1
127	23	1
129	23	1
130	23	1
131	23	1
132	23	1
133	23	1
134	23	1
135	23	1
136	23	1
137	23	1
138	23	1
139	23	1
140	23	1
141	23	1
142	23	1
143	23	1
144	23	1
161	23	1
1	24	1
2	24	1
13	24	1
99	24	1
119	24	1
128	24	1
150	24	1
161	24	1
1	25	1
9	25	1
13	25	1
26	25	1
32	25	1
99	25	1
128	25	1
150	25	1
153	25	1
154	25	1
155	25	1
157	25	1
158	25	1
159	25	1
160	25	1
165	25	1
167	25	1
168	25	1
171	25	1
172	25	1
173	25	1
174	25	1
175	25	1
176	25	1
177	25	1
178	25	1
2	26	1
13	26	1
22	26	1
25	26	1
119	26	1
128	26	1
139	26	1
150	26	1
161	26	1
171	26	1
13	27	1
119	27	1
128	27	1
143	27	1
144	27	1
1	28	1
2	28	1
13	28	1
34	28	1
35	28	1
36	28	1
37	28	1
38	28	1
39	28	1
40	28	1
41	28	1
42	28	1
43	28	1
44	28	1
45	28	1
46	28	1
47	28	1
48	28	1
49	28	1
50	28	1
51	28	1
52	28	1
54	28	1
55	28	1
56	28	1
57	28	1
58	28	1
59	28	1
119	28	1
128	28	1
150	28	1
157	28	1
158	28	1
159	28	1
160	28	1
161	28	1
20	29	1
99	29	1
162	29	1
20	30	1
99	30	1
162	30	1
20	31	1
99	31	1
162	31	1
3	32	1
4	32	1
5	32	1
6	32	1
8	32	1
9	32	1
10	32	1
11	32	1
12	32	1
14	32	1
15	32	1
16	32	1
17	32	1
18	32	1
20	32	1
25	32	1
119	32	1
161	32	1
166	32	1
168	32	1
169	32	1
170	32	1
172	32	1
173	32	1
174	32	1
175	32	1
176	32	1
177	32	1
178	32	1
179	32	1
180	32	1
181	32	1
2	33	1
13	33	1
23	33	1
119	33	1
161	33	1
28	34	1
137	34	1
147	34	1
28	35	1
137	35	1
147	35	1
28	36	1
137	36	1
147	36	1
28	37	1
137	37	1
147	37	1
28	38	1
137	38	1
147	38	1
28	39	1
137	39	1
147	39	1
28	40	1
137	40	1
147	40	1
28	41	1
137	41	1
147	41	1
28	42	1
137	42	1
147	42	1
28	43	1
137	43	1
147	43	1
28	44	1
137	44	1
147	44	1
28	45	1
137	45	1
147	45	1
28	46	1
137	46	1
147	46	1
28	47	1
137	47	1
147	47	1
28	48	1
137	48	1
147	48	1
28	49	1
137	49	1
147	49	1
28	50	1
137	50	1
147	50	1
28	51	1
137	51	1
147	51	1
28	52	1
137	52	1
147	52	1
1	53	1
2	53	1
23	53	1
60	53	1
61	53	1
62	53	1
63	53	1
64	53	1
65	53	1
66	53	1
67	53	1
68	53	1
70	53	1
71	53	1
72	53	1
73	53	1
74	53	1
75	53	1
76	53	1
77	53	1
78	53	1
79	53	1
80	53	1
81	53	1
82	53	1
83	53	1
84	53	1
85	53	1
86	53	1
87	53	1
88	53	1
89	53	1
90	53	1
91	53	1
92	53	1
93	53	1
94	53	1
95	53	1
96	53	1
97	53	1
105	53	1
106	53	1
118	53	1
124	53	1
128	53	1
150	53	1
161	53	1
164	53	1
171	53	1
28	54	1
137	54	1
147	54	1
28	55	1
137	55	1
147	55	1
28	56	1
137	56	1
147	56	1
28	57	1
137	57	1
147	57	1
28	58	1
137	58	1
147	58	1
28	59	1
137	59	1
147	59	1
53	60	1
84	60	1
93	60	1
98	60	1
100	60	1
101	60	1
102	60	1
103	60	1
104	60	1
107	60	1
108	60	1
109	60	1
110	60	1
111	60	1
112	60	1
113	60	1
114	60	1
115	60	1
116	60	1
117	60	1
118	60	1
120	60	1
121	60	1
122	60	1
123	60	1
124	60	1
53	61	1
84	61	1
93	61	1
1	62	1
2	62	1
23	62	1
53	62	1
62	62	1
73	62	1
84	62	1
93	62	1
98	62	1
100	62	1
101	62	1
102	62	1
103	62	1
105	62	1
106	62	1
115	62	1
116	62	1
117	62	1
118	62	1
120	62	1
121	62	1
122	62	1
123	62	1
124	62	1
125	62	1
126	62	1
127	62	1
128	62	1
129	62	1
130	62	1
131	62	1
132	62	1
133	62	1
134	62	1
135	62	1
136	62	1
137	62	1
138	62	1
140	62	1
141	62	1
142	62	1
150	62	1
164	62	1
171	62	1
53	63	1
84	63	1
93	63	1
98	63	1
100	63	1
101	63	1
102	63	1
103	63	1
104	63	1
107	63	1
108	63	1
109	63	1
110	63	1
111	63	1
112	63	1
113	63	1
114	63	1
115	63	1
116	63	1
117	63	1
118	63	1
120	63	1
121	63	1
122	63	1
123	63	1
124	63	1
53	64	1
84	64	1
93	64	1
53	65	1
84	65	1
93	65	1
98	65	1
100	65	1
101	65	1
102	65	1
103	65	1
104	65	1
107	65	1
108	65	1
109	65	1
110	65	1
111	65	1
112	65	1
113	65	1
114	65	1
115	65	1
116	65	1
117	65	1
118	65	1
120	65	1
121	65	1
122	65	1
123	65	1
124	65	1
53	66	1
84	66	1
93	66	1
53	67	1
84	67	1
93	67	1
98	67	1
100	67	1
101	67	1
102	67	1
103	67	1
104	67	1
107	67	1
108	67	1
109	67	1
110	67	1
111	67	1
112	67	1
113	67	1
114	67	1
115	67	1
116	67	1
117	67	1
118	67	1
120	67	1
121	67	1
122	67	1
123	67	1
124	67	1
53	68	1
84	68	1
93	68	1
98	68	1
100	68	1
101	68	1
102	68	1
103	68	1
104	68	1
107	68	1
108	68	1
109	68	1
110	68	1
111	68	1
112	68	1
113	68	1
114	68	1
115	68	1
116	68	1
117	68	1
118	68	1
120	68	1
121	68	1
122	68	1
123	68	1
124	68	1
98	69	1
53	70	1
84	70	1
93	70	1
101	70	1
102	70	1
103	70	1
104	70	1
53	71	1
84	71	1
93	71	1
101	71	1
102	71	1
103	71	1
104	71	1
53	72	1
84	72	1
93	72	1
98	72	1
100	72	1
101	72	1
102	72	1
103	72	1
104	72	1
107	72	1
108	72	1
109	72	1
110	72	1
111	72	1
112	72	1
113	72	1
114	72	1
115	72	1
116	72	1
117	72	1
118	72	1
120	72	1
121	72	1
122	72	1
123	72	1
124	72	1
1	73	1
2	73	1
23	73	1
53	73	1
62	73	1
73	73	1
84	73	1
93	73	1
98	73	1
100	73	1
101	73	1
102	73	1
103	73	1
105	73	1
106	73	1
115	73	1
116	73	1
117	73	1
118	73	1
119	73	1
120	73	1
121	73	1
122	73	1
123	73	1
124	73	1
125	73	1
126	73	1
127	73	1
128	73	1
129	73	1
130	73	1
131	73	1
132	73	1
133	73	1
134	73	1
135	73	1
136	73	1
137	73	1
138	73	1
140	73	1
141	73	1
142	73	1
150	73	1
164	73	1
171	73	1
53	74	1
84	74	1
93	74	1
98	74	1
100	74	1
101	74	1
102	74	1
103	74	1
104	74	1
107	74	1
108	74	1
109	74	1
110	74	1
111	74	1
112	74	1
113	74	1
114	74	1
115	74	1
116	74	1
117	74	1
118	74	1
120	74	1
121	74	1
122	74	1
123	74	1
124	74	1
53	75	1
84	75	1
93	75	1
98	75	1
100	75	1
101	75	1
102	75	1
103	75	1
104	75	1
107	75	1
108	75	1
109	75	1
110	75	1
111	75	1
112	75	1
113	75	1
114	75	1
115	75	1
116	75	1
117	75	1
118	75	1
120	75	1
121	75	1
122	75	1
123	75	1
124	75	1
53	76	1
84	76	1
93	76	1
101	76	1
102	76	1
103	76	1
104	76	1
53	77	1
84	77	1
93	77	1
101	77	1
102	77	1
103	77	1
104	77	1
53	78	1
84	78	1
93	78	1
98	78	1
100	78	1
101	78	1
102	78	1
103	78	1
104	78	1
107	78	1
108	78	1
109	78	1
110	78	1
111	78	1
112	78	1
113	78	1
114	78	1
115	78	1
116	78	1
117	78	1
118	78	1
120	78	1
121	78	1
122	78	1
123	78	1
124	78	1
53	79	1
84	79	1
93	79	1
101	79	1
102	79	1
103	79	1
104	79	1
53	80	1
84	80	1
93	80	1
101	80	1
102	80	1
103	80	1
104	80	1
53	81	1
84	81	1
93	81	1
98	81	1
100	81	1
101	81	1
102	81	1
103	81	1
104	81	1
107	81	1
108	81	1
109	81	1
110	81	1
111	81	1
112	81	1
113	81	1
114	81	1
115	81	1
116	81	1
117	81	1
118	81	1
120	81	1
121	81	1
122	81	1
123	81	1
124	81	1
53	82	1
84	82	1
93	82	1
98	82	1
100	82	1
101	82	1
102	82	1
103	82	1
104	82	1
107	82	1
108	82	1
109	82	1
110	82	1
111	82	1
112	82	1
113	82	1
114	82	1
115	82	1
116	82	1
117	82	1
118	82	1
120	82	1
121	82	1
122	82	1
123	82	1
124	82	1
53	83	1
84	83	1
93	83	1
101	83	1
102	83	1
103	83	1
104	83	1
1	84	1
2	84	1
23	84	1
53	84	1
60	84	1
61	84	1
62	84	1
63	84	1
64	84	1
65	84	1
66	84	1
67	84	1
68	84	1
70	84	1
71	84	1
72	84	1
73	84	1
74	84	1
75	84	1
76	84	1
77	84	1
78	84	1
79	84	1
80	84	1
81	84	1
82	84	1
83	84	1
84	84	1
85	84	1
86	84	1
87	84	1
88	84	1
89	84	1
90	84	1
91	84	1
92	84	1
93	84	1
94	84	1
95	84	1
96	84	1
97	84	1
98	84	1
100	84	1
101	84	1
102	84	1
103	84	1
104	84	1
105	84	1
106	84	1
115	84	1
116	84	1
117	84	1
118	84	1
119	84	1
120	84	1
121	84	1
122	84	1
123	84	1
124	84	1
125	84	1
126	84	1
127	84	1
128	84	1
129	84	1
130	84	1
131	84	1
132	84	1
133	84	1
134	84	1
135	84	1
136	84	1
137	84	1
138	84	1
140	84	1
141	84	1
142	84	1
150	84	1
164	84	1
171	84	1
53	85	1
84	85	1
93	85	1
98	85	1
100	85	1
101	85	1
102	85	1
103	85	1
104	85	1
107	85	1
108	85	1
109	85	1
110	85	1
111	85	1
112	85	1
113	85	1
114	85	1
115	85	1
116	85	1
117	85	1
118	85	1
120	85	1
121	85	1
122	85	1
123	85	1
124	85	1
53	86	1
84	86	1
93	86	1
98	86	1
100	86	1
101	86	1
102	86	1
103	86	1
104	86	1
107	86	1
108	86	1
109	86	1
110	86	1
111	86	1
112	86	1
113	86	1
114	86	1
115	86	1
116	86	1
117	86	1
118	86	1
120	86	1
121	86	1
122	86	1
123	86	1
124	86	1
53	87	1
84	87	1
93	87	1
101	87	1
102	87	1
103	87	1
104	87	1
53	88	1
84	88	1
93	88	1
101	88	1
102	88	1
103	88	1
104	88	1
53	89	1
84	89	1
93	89	1
98	89	1
100	89	1
101	89	1
102	89	1
103	89	1
104	89	1
107	89	1
108	89	1
109	89	1
110	89	1
111	89	1
112	89	1
113	89	1
114	89	1
115	89	1
116	89	1
117	89	1
118	89	1
120	89	1
121	89	1
122	89	1
123	89	1
124	89	1
53	90	1
84	90	1
93	90	1
98	90	1
100	90	1
101	90	1
102	90	1
103	90	1
104	90	1
107	90	1
108	90	1
109	90	1
110	90	1
111	90	1
112	90	1
113	90	1
114	90	1
115	90	1
116	90	1
117	90	1
118	90	1
120	90	1
121	90	1
122	90	1
123	90	1
124	90	1
53	91	1
84	91	1
93	91	1
98	91	1
100	91	1
101	91	1
102	91	1
103	91	1
104	91	1
53	92	1
84	92	1
93	92	1
1	93	1
2	93	1
13	93	1
23	93	1
53	93	1
60	93	1
61	93	1
62	93	1
63	93	1
64	93	1
65	93	1
66	93	1
67	93	1
68	93	1
70	93	1
71	93	1
72	93	1
73	93	1
74	93	1
75	93	1
76	93	1
77	93	1
78	93	1
79	93	1
80	93	1
81	93	1
82	93	1
83	93	1
84	93	1
85	93	1
86	93	1
87	93	1
88	93	1
89	93	1
90	93	1
91	93	1
92	93	1
93	93	1
94	93	1
95	93	1
96	93	1
97	93	1
98	93	1
100	93	1
101	93	1
102	93	1
103	93	1
105	93	1
106	93	1
115	93	1
116	93	1
117	93	1
118	93	1
119	93	1
120	93	1
121	93	1
122	93	1
123	93	1
124	93	1
125	93	1
126	93	1
127	93	1
128	93	1
129	93	1
130	93	1
131	93	1
132	93	1
133	93	1
134	93	1
135	93	1
136	93	1
137	93	1
138	93	1
140	93	1
141	93	1
142	93	1
150	93	1
161	93	1
164	93	1
171	93	1
53	94	1
84	94	1
93	94	1
98	94	1
100	94	1
101	94	1
102	94	1
103	94	1
104	94	1
53	95	1
84	95	1
93	95	1
125	95	1
126	95	1
127	95	1
129	95	1
130	95	1
131	95	1
132	95	1
133	95	1
135	95	1
136	95	1
137	95	1
53	96	1
84	96	1
93	96	1
53	97	1
84	97	1
93	97	1
101	97	1
102	97	1
103	97	1
104	97	1
125	97	1
126	97	1
127	97	1
129	97	1
130	97	1
131	97	1
132	97	1
133	97	1
135	97	1
136	97	1
137	97	1
1	98	1
2	98	1
23	98	1
60	98	1
62	98	1
63	98	1
65	98	1
67	98	1
68	98	1
69	98	1
72	98	1
73	98	1
74	98	1
75	98	1
78	98	1
81	98	1
82	98	1
84	98	1
85	98	1
86	98	1
89	98	1
90	98	1
91	98	1
93	98	1
94	98	1
105	98	1
106	98	1
118	98	1
119	98	1
124	98	1
128	98	1
145	98	1
150	98	1
163	98	1
171	98	1
3	99	1
4	99	1
5	99	1
6	99	1
7	99	1
8	99	1
10	99	1
11	99	1
12	99	1
14	99	1
15	99	1
16	99	1
17	99	1
18	99	1
19	99	1
21	99	1
22	99	1
24	99	1
25	99	1
29	99	1
30	99	1
31	99	1
125	99	1
126	99	1
127	99	1
129	99	1
130	99	1
131	99	1
132	99	1
133	99	1
134	99	1
135	99	1
136	99	1
137	99	1
143	99	1
144	99	1
147	99	1
148	99	1
152	99	1
156	99	1
168	99	1
179	99	1
180	99	1
181	99	1
1	100	1
2	100	1
23	100	1
60	100	1
62	100	1
63	100	1
65	100	1
67	100	1
68	100	1
72	100	1
73	100	1
74	100	1
75	100	1
78	100	1
81	100	1
82	100	1
84	100	1
85	100	1
86	100	1
89	100	1
90	100	1
91	100	1
93	100	1
94	100	1
105	100	1
106	100	1
118	100	1
124	100	1
128	100	1
145	100	1
150	100	1
163	100	1
171	100	1
1	101	1
2	101	1
13	101	2
23	101	1
60	101	1
62	101	1
63	101	1
65	101	1
67	101	1
68	101	1
70	101	1
71	101	1
72	101	1
73	101	1
74	101	1
75	101	1
76	101	1
77	101	1
78	101	1
79	101	1
80	101	1
81	101	1
82	101	1
83	101	1
84	101	1
85	101	1
86	101	1
87	101	1
88	101	1
89	101	1
90	101	1
91	101	1
93	101	1
94	101	1
97	101	1
105	101	1
106	101	1
119	101	1
124	101	1
128	101	1
145	101	1
150	101	1
161	101	1
163	101	1
164	101	1
171	101	1
1	102	1
2	102	1
13	102	1
23	102	1
60	102	1
62	102	1
63	102	1
65	102	1
67	102	1
68	102	1
70	102	1
71	102	1
72	102	1
73	102	1
74	102	1
75	102	1
76	102	1
77	102	1
78	102	1
79	102	1
80	102	1
81	102	1
82	102	1
83	102	1
84	102	1
85	102	1
86	102	1
87	102	1
88	102	1
89	102	1
90	102	1
91	102	1
93	102	1
94	102	1
97	102	1
105	102	1
106	102	1
119	102	1
124	102	1
128	102	1
145	102	1
150	102	1
161	102	1
163	102	1
164	102	1
171	102	1
1	103	1
2	103	1
13	103	1
23	103	1
60	103	1
62	103	1
63	103	1
65	103	1
67	103	1
68	103	1
70	103	1
71	103	1
72	103	1
73	103	1
74	103	1
75	103	1
76	103	1
77	103	1
78	103	1
79	103	1
80	103	1
81	103	1
82	103	1
83	103	1
84	103	1
85	103	1
86	103	1
87	103	1
88	103	1
89	103	1
90	103	1
91	103	1
93	103	1
94	103	1
97	103	1
105	103	1
106	103	1
119	103	1
124	103	1
128	103	1
145	103	1
150	103	1
161	103	1
163	103	1
164	103	1
171	103	1
1	104	1
2	104	1
13	104	1
23	104	1
60	104	1
63	104	1
65	104	1
67	104	1
68	104	1
70	104	1
71	104	1
72	104	1
74	104	1
75	104	1
76	104	1
77	104	1
78	104	1
79	104	1
80	104	1
81	104	1
82	104	1
83	104	1
84	104	1
85	104	1
86	104	1
87	104	1
88	104	1
89	104	1
90	104	1
91	104	1
94	104	1
97	104	1
119	104	1
128	104	1
145	104	1
150	104	1
161	104	1
163	104	1
171	104	1
1	105	1
2	105	1
13	105	1
23	105	1
53	105	1
62	105	1
73	105	1
84	105	1
93	105	1
98	105	1
100	105	1
101	105	1
102	105	1
103	105	1
115	105	1
116	105	1
117	105	1
118	105	1
119	105	1
120	105	1
121	105	1
122	105	1
123	105	1
124	105	1
125	105	1
126	105	1
127	105	1
128	105	1
129	105	1
130	105	1
131	105	1
132	105	1
133	105	1
134	105	1
135	105	1
136	105	1
137	105	1
138	105	1
140	105	1
141	105	1
142	105	1
145	105	1
150	105	1
163	105	1
171	105	1
1	106	1
2	106	1
13	106	1
23	106	1
53	106	1
62	106	1
73	106	1
84	106	1
93	106	1
98	106	1
100	106	1
101	106	1
102	106	1
103	106	1
115	106	1
116	106	1
117	106	1
118	106	1
120	106	1
121	106	1
122	106	1
123	106	1
124	106	1
125	106	1
126	106	1
127	106	1
128	106	1
129	106	1
130	106	1
131	106	1
132	106	1
133	106	1
134	106	1
135	106	1
136	106	1
137	106	1
138	106	1
140	106	1
141	106	1
142	106	1
145	106	1
150	106	1
161	106	1
163	106	1
171	106	1
1	107	1
2	107	1
13	107	1
23	107	1
60	107	1
63	107	1
65	107	1
67	107	1
68	107	1
72	107	1
74	107	1
75	107	1
78	107	1
81	107	1
82	107	1
85	107	1
86	107	1
89	107	1
90	107	1
128	107	1
150	107	1
171	107	1
1	108	1
2	108	1
13	108	1
23	108	1
60	108	1
63	108	1
65	108	1
67	108	1
68	108	1
72	108	1
74	108	1
75	108	1
78	108	1
81	108	1
82	108	1
85	108	1
86	108	1
89	108	1
90	108	1
128	108	1
150	108	1
171	108	1
1	109	1
2	109	1
13	109	1
23	109	1
60	109	1
63	109	1
65	109	1
67	109	1
68	109	1
72	109	1
74	109	1
75	109	1
78	109	1
81	109	1
82	109	1
85	109	1
86	109	1
89	109	1
90	109	1
128	109	1
150	109	1
171	109	1
1	110	1
2	110	1
13	110	1
23	110	1
60	110	1
63	110	1
65	110	1
67	110	1
68	110	1
72	110	1
74	110	1
75	110	1
78	110	1
81	110	1
82	110	1
85	110	1
86	110	1
89	110	1
90	110	1
128	110	1
150	110	1
171	110	1
1	111	1
2	111	1
13	111	1
23	111	1
60	111	1
63	111	1
65	111	1
67	111	1
68	111	1
72	111	1
74	111	1
75	111	1
78	111	1
81	111	1
82	111	1
85	111	1
86	111	1
89	111	1
90	111	1
118	111	1
128	111	1
150	111	1
171	111	1
1	112	1
2	112	1
13	112	1
23	112	1
60	112	1
63	112	1
65	112	1
67	112	1
68	112	1
72	112	1
74	112	1
75	112	1
78	112	1
81	112	1
82	112	1
85	112	1
86	112	1
89	112	1
90	112	1
118	112	1
128	112	1
150	112	1
171	112	1
1	113	1
2	113	1
13	113	1
23	113	1
60	113	1
63	113	1
65	113	1
67	113	1
68	113	1
72	113	1
74	113	1
75	113	1
78	113	1
81	113	1
82	113	1
85	113	1
86	113	1
89	113	1
90	113	1
118	113	1
128	113	1
150	113	1
171	113	1
1	114	1
2	114	1
13	114	1
23	114	1
60	114	1
63	114	1
65	114	1
67	114	1
68	114	1
72	114	1
74	114	1
75	114	1
78	114	1
81	114	1
82	114	1
85	114	1
86	114	1
89	114	1
90	114	1
118	114	1
128	114	1
150	114	1
171	114	1
1	115	1
2	115	1
13	115	1
23	115	1
60	115	1
62	115	1
63	115	1
65	115	1
67	115	1
68	115	1
72	115	1
73	115	1
74	115	1
75	115	1
78	115	1
81	115	1
82	115	1
84	115	1
85	115	1
86	115	1
89	115	1
90	115	1
93	115	1
105	115	1
106	115	1
124	115	1
128	115	1
150	115	1
171	115	1
1	116	1
2	116	1
13	116	1
23	116	1
60	116	1
62	116	1
63	116	1
65	116	1
67	116	1
68	116	1
72	116	1
73	116	1
74	116	1
75	116	1
78	116	1
81	116	1
82	116	1
84	116	1
85	116	1
86	116	1
89	116	1
90	116	1
93	116	1
105	116	1
106	116	1
124	116	1
128	116	1
150	116	1
171	116	1
1	117	1
2	117	1
13	117	1
23	117	1
60	117	1
62	117	1
63	117	1
65	117	1
67	117	1
68	117	1
72	117	1
73	117	1
74	117	1
75	117	1
78	117	1
81	117	1
82	117	1
84	117	1
85	117	1
86	117	1
89	117	1
90	117	1
93	117	1
105	117	1
106	117	1
118	117	1
124	117	1
128	117	1
150	117	1
171	117	1
1	118	1
2	118	1
13	118	1
23	118	1
53	118	1
60	118	1
62	118	1
63	118	1
65	118	1
67	118	1
68	118	1
72	118	1
73	118	1
74	118	1
75	118	1
78	118	1
81	118	1
82	118	1
84	118	1
85	118	1
86	118	1
89	118	1
90	118	1
93	118	1
98	118	1
100	118	1
105	118	1
106	118	1
111	118	1
112	118	1
113	118	1
114	118	1
117	118	1
118	118	1
120	118	1
121	118	1
122	118	1
124	118	1
128	118	1
150	118	1
171	118	1
1	119	1
3	119	1
4	119	1
5	119	1
7	119	1
8	119	1
9	119	1
10	119	1
11	119	1
12	119	1
13	119	1
14	119	1
15	119	1
16	119	1
17	119	1
18	119	1
19	119	1
20	119	1
22	119	1
23	119	1
24	119	1
26	119	1
27	119	1
28	119	1
32	119	1
33	119	1
73	119	1
84	119	1
93	119	1
98	119	1
101	119	1
102	119	1
103	119	1
104	119	1
105	119	1
128	119	1
134	119	1
135	119	1
139	119	1
146	119	1
147	119	1
148	119	1
150	119	1
152	119	1
153	119	1
154	119	1
156	119	1
157	119	1
158	119	1
159	119	1
160	119	1
164	119	1
165	119	1
167	119	1
168	119	1
169	119	1
170	119	1
171	119	1
172	119	1
173	119	1
174	119	1
175	119	1
176	119	1
177	119	1
178	119	1
179	119	1
180	119	1
181	119	1
1	120	1
2	120	1
13	120	1
23	120	1
60	120	1
62	120	1
63	120	1
65	120	1
67	120	1
68	120	1
72	120	1
73	120	1
74	120	1
75	120	1
78	120	1
81	120	1
82	120	1
84	120	1
85	120	1
86	120	1
89	120	1
90	120	1
93	120	1
105	120	1
106	120	1
118	120	1
124	120	1
128	120	1
150	120	1
171	120	1
1	121	1
2	121	1
13	121	1
23	121	1
60	121	1
62	121	1
63	121	1
65	121	1
67	121	1
68	121	1
72	121	1
73	121	1
74	121	1
75	121	1
78	121	1
81	121	1
82	121	1
84	121	1
85	121	1
86	121	1
89	121	1
90	121	1
93	121	1
105	121	1
106	121	1
118	121	1
124	121	1
128	121	1
150	121	1
171	121	1
1	122	1
2	122	1
13	122	1
23	122	1
60	122	1
62	122	1
63	122	1
65	122	1
67	122	1
68	122	1
72	122	1
73	122	1
74	122	1
75	122	1
78	122	1
81	122	1
82	122	1
84	122	1
85	122	1
86	122	1
89	122	1
90	122	1
93	122	1
105	122	1
106	122	1
118	122	1
124	122	1
128	122	1
150	122	1
171	122	1
1	123	1
2	123	1
13	123	1
23	123	1
60	123	1
62	123	1
63	123	1
65	123	1
67	123	1
68	123	1
72	123	1
73	123	1
74	123	1
75	123	1
78	123	1
81	123	1
82	123	1
84	123	1
85	123	1
86	123	1
89	123	1
90	123	1
93	123	1
105	123	1
106	123	1
124	123	1
128	123	1
150	123	1
171	123	1
1	124	1
2	124	1
13	124	1
23	124	1
53	124	1
60	124	1
62	124	1
63	124	1
65	124	1
67	124	1
68	124	1
72	124	1
73	124	1
74	124	1
75	124	1
78	124	1
81	124	1
82	124	1
84	124	1
85	124	1
86	124	1
89	124	1
90	124	1
93	124	1
98	124	1
100	124	1
101	124	1
102	124	1
103	124	1
105	124	1
106	124	1
115	124	1
116	124	1
117	124	1
118	124	1
120	124	1
121	124	1
122	124	1
123	124	1
124	124	1
125	124	1
126	124	1
127	124	1
128	124	1
129	124	1
130	124	1
131	124	1
132	124	1
133	124	1
134	124	1
135	124	1
136	124	1
137	124	1
138	124	1
140	124	1
141	124	1
142	124	1
150	124	1
171	124	1
1	125	1
2	125	1
9	125	1
13	125	1
14	125	1
16	125	1
23	125	1
62	125	1
73	125	1
84	125	1
93	125	1
95	125	1
97	125	1
99	125	1
105	125	1
106	125	1
124	125	1
138	125	1
140	125	1
141	125	1
142	125	1
149	125	1
151	125	1
153	125	1
157	125	1
158	125	1
159	125	1
160	125	1
167	125	1
171	125	1
172	125	1
173	125	1
174	125	1
175	125	1
176	125	1
177	125	1
178	125	1
1	126	1
2	126	1
9	126	1
13	126	1
14	126	1
16	126	1
23	126	1
62	126	1
73	126	1
84	126	1
93	126	1
95	126	1
97	126	1
99	126	1
105	126	1
106	126	1
124	126	1
138	126	1
140	126	1
141	126	1
142	126	1
149	126	1
151	126	1
153	126	1
154	126	1
157	126	1
158	126	1
159	126	1
160	126	1
167	126	1
171	126	1
172	126	1
173	126	1
174	126	1
175	126	1
176	126	1
177	126	1
178	126	1
1	127	1
9	127	1
13	127	1
14	127	1
16	127	1
23	127	1
62	127	1
73	127	1
84	127	1
93	127	1
95	127	1
97	127	1
99	127	1
105	127	1
106	127	1
124	127	1
138	127	1
140	127	1
141	127	1
142	127	1
149	127	1
151	127	1
153	127	1
154	127	1
157	127	1
158	127	1
159	127	1
160	127	1
167	127	1
171	127	1
172	127	1
173	127	1
174	127	1
175	127	1
176	127	1
177	127	1
178	127	1
2	128	1
3	128	1
4	128	1
5	128	1
7	128	1
8	128	1
9	128	1
10	128	1
11	128	1
12	128	1
13	128	1
14	128	1
15	128	1
16	128	1
17	128	1
18	128	1
19	128	1
20	128	1
22	128	1
24	128	1
25	128	1
26	128	1
27	128	1
28	128	1
53	128	1
62	128	1
73	128	1
84	128	1
93	128	1
98	128	1
100	128	1
101	128	1
102	128	1
103	128	1
104	128	1
105	128	1
106	128	1
107	128	1
108	128	1
109	128	1
110	128	1
111	128	1
112	128	1
113	128	1
114	128	1
115	128	1
116	128	1
117	128	1
118	128	1
119	128	1
120	128	1
121	128	1
122	128	1
123	128	1
124	128	1
132	128	1
133	128	1
139	128	1
145	128	1
147	128	1
148	128	1
149	128	1
151	128	1
152	128	1
153	128	1
154	128	1
155	128	1
156	128	1
160	128	1
161	128	1
163	128	1
164	128	1
165	128	1
166	128	1
167	128	1
168	128	1
169	128	1
170	128	1
172	128	1
173	128	1
174	128	1
175	128	1
176	128	1
177	128	1
178	128	1
179	128	1
180	128	1
181	128	1
1	129	1
9	129	1
13	129	1
14	129	1
16	129	1
23	129	1
62	129	1
73	129	1
84	129	1
93	129	1
95	129	1
97	129	1
99	129	1
105	129	1
106	129	1
124	129	1
138	129	1
140	129	1
141	129	1
142	129	1
149	129	1
151	129	1
153	129	1
154	129	1
157	129	1
158	129	1
159	129	1
160	129	1
167	129	1
171	129	1
172	129	1
173	129	1
174	129	1
175	129	1
176	129	1
177	129	1
178	129	1
1	130	1
9	130	1
13	130	1
14	130	1
16	130	1
23	130	1
62	130	1
73	130	1
84	130	1
93	130	1
95	130	1
97	130	1
99	130	1
105	130	1
106	130	1
124	130	1
138	130	1
140	130	1
141	130	1
142	130	1
149	130	1
151	130	1
153	130	1
154	130	1
157	130	1
158	130	1
159	130	1
160	130	1
167	130	1
171	130	1
172	130	1
173	130	1
174	130	1
175	130	1
176	130	1
177	130	1
178	130	1
1	131	1
9	131	1
13	131	1
14	131	1
16	131	1
23	131	1
62	131	1
73	131	1
84	131	1
93	131	1
95	131	1
97	131	1
99	131	1
105	131	1
106	131	1
124	131	1
138	131	1
140	131	1
141	131	1
142	131	1
149	131	1
151	131	1
153	131	1
154	131	1
157	131	1
158	131	1
159	131	1
160	131	1
167	131	1
171	131	1
172	131	1
173	131	1
174	131	1
175	131	1
176	131	1
177	131	1
178	131	1
1	132	1
9	132	1
13	132	1
14	132	1
16	132	1
23	132	1
62	132	1
73	132	1
84	132	1
93	132	1
95	132	1
97	132	1
99	132	1
105	132	1
106	132	1
124	132	1
128	132	1
138	132	1
140	132	1
141	132	1
142	132	1
149	132	1
151	132	1
153	132	1
154	132	1
157	132	1
158	132	1
159	132	1
160	132	1
167	132	1
169	132	1
170	132	1
171	132	1
172	132	1
173	132	1
174	132	1
175	132	1
176	132	1
177	132	1
178	132	1
1	133	1
9	133	1
13	133	1
14	133	1
16	133	1
23	133	1
62	133	1
73	133	1
84	133	1
93	133	1
95	133	1
97	133	1
99	133	1
105	133	1
106	133	1
124	133	1
128	133	1
138	133	1
140	133	1
141	133	1
142	133	1
151	133	1
153	133	1
154	133	1
157	133	1
158	133	1
159	133	1
160	133	1
167	133	1
171	133	1
172	133	1
173	133	1
174	133	1
175	133	1
176	133	1
177	133	1
178	133	1
1	134	1
2	134	1
9	134	1
13	134	1
14	134	1
16	134	1
23	134	1
62	134	1
73	134	1
84	134	1
93	134	1
99	134	1
105	134	1
106	134	1
119	134	1
124	134	1
151	134	1
153	134	1
154	134	1
157	134	1
158	134	1
159	134	1
160	134	1
171	134	1
1	135	1
2	135	1
9	135	1
13	135	1
14	135	1
16	135	1
23	135	1
62	135	1
73	135	1
84	135	1
93	135	1
95	135	1
97	135	1
99	135	1
105	135	1
106	135	1
119	135	1
124	135	1
151	135	1
153	135	1
154	135	1
157	135	1
158	135	1
159	135	1
160	135	1
161	135	1
171	135	1
1	136	1
2	136	1
9	136	1
13	136	1
14	136	1
16	136	1
23	136	1
62	136	1
73	136	1
84	136	1
93	136	1
95	136	1
97	136	1
99	136	1
105	136	1
106	136	1
124	136	1
151	136	1
153	136	1
154	136	1
157	136	1
158	136	1
159	136	1
160	136	1
169	136	1
170	136	1
171	136	1
1	137	1
2	137	1
9	137	1
13	137	1
14	137	1
16	137	1
23	137	1
34	137	1
35	137	1
36	137	1
37	137	1
38	137	1
39	137	1
40	137	1
41	137	1
42	137	1
43	137	1
44	137	1
45	137	1
46	137	1
47	137	1
48	137	1
49	137	1
50	137	1
51	137	1
52	137	1
54	137	1
55	137	1
56	137	1
57	137	1
58	137	1
59	137	1
62	137	1
73	137	1
84	137	1
93	137	1
95	137	1
97	137	1
99	137	1
105	137	1
106	137	1
124	137	1
151	137	1
153	137	1
154	137	1
157	137	1
158	137	1
159	137	1
160	137	1
169	137	1
170	137	1
171	137	1
1	138	1
9	138	1
13	138	1
14	138	1
16	138	1
23	138	1
62	138	1
73	138	1
84	138	1
93	138	1
105	138	1
106	138	1
124	138	1
125	138	1
126	138	1
127	138	1
129	138	1
130	138	1
131	138	1
132	138	1
133	138	1
157	138	1
158	138	1
159	138	1
160	138	1
171	138	1
1	139	1
2	139	1
13	139	1
23	139	1
26	139	1
119	139	1
128	139	1
139	139	1
145	139	1
149	139	1
150	139	1
151	139	1
153	139	1
154	139	1
155	139	1
156	139	1
157	139	1
158	139	1
159	139	1
160	139	1
161	139	1
164	139	1
165	139	1
167	139	1
168	139	1
171	139	1
1	140	1
9	140	1
13	140	1
14	140	1
16	140	1
23	140	1
62	140	1
73	140	1
84	140	1
93	140	1
105	140	1
106	140	1
124	140	1
125	140	1
126	140	1
127	140	1
129	140	1
130	140	1
131	140	1
132	140	1
133	140	1
157	140	1
158	140	1
159	140	1
160	140	1
169	140	1
170	140	1
171	140	1
1	141	1
2	141	1
9	141	1
13	141	1
14	141	1
16	141	1
23	141	1
62	141	1
73	141	1
84	141	1
93	141	1
105	141	1
106	141	1
124	141	1
125	141	1
126	141	1
127	141	1
129	141	1
130	141	1
131	141	1
132	141	1
133	141	1
157	141	1
158	141	1
159	141	1
160	141	1
169	141	1
170	141	1
171	141	1
1	142	1
9	142	1
13	142	1
14	142	1
16	142	1
23	142	1
62	142	1
73	142	1
84	142	1
93	142	1
105	142	1
106	142	1
124	142	1
125	142	1
126	142	1
127	142	1
129	142	1
130	142	1
131	142	1
132	142	1
133	142	1
157	142	1
158	142	1
159	142	1
160	142	1
171	142	1
1	143	1
9	143	1
13	143	1
14	143	1
16	143	1
23	143	1
27	143	1
99	143	1
157	143	1
158	143	1
159	143	1
160	143	1
171	143	1
1	144	1
13	144	1
23	144	1
27	144	1
99	144	1
171	144	1
98	145	1
100	145	1
101	145	1
102	145	1
103	145	1
104	145	1
105	145	1
106	145	1
128	145	1
139	145	1
145	145	1
161	145	1
119	146	1
1	147	1
2	147	1
13	147	1
34	147	1
35	147	1
36	147	1
37	147	1
38	147	1
39	147	1
40	147	1
41	147	1
42	147	1
43	147	1
44	147	1
45	147	1
46	147	1
47	147	1
48	147	1
49	147	1
50	147	1
51	147	1
52	147	1
54	147	1
55	147	1
56	147	1
57	147	1
58	147	1
59	147	1
99	147	1
119	147	1
128	147	1
150	147	1
1	148	1
2	148	1
13	148	1
99	148	1
119	148	1
128	148	1
150	148	1
157	148	1
158	148	1
159	148	1
161	148	1
1	149	1
2	149	1
13	149	1
125	149	1
126	149	1
127	149	1
128	149	1
129	149	1
130	149	1
131	149	1
132	149	1
139	149	1
150	149	1
161	149	1
2	150	1
3	150	1
4	150	1
5	150	1
7	150	1
8	150	1
9	150	1
10	150	1
11	150	1
12	150	1
13	150	1
14	150	1
15	150	1
16	150	1
17	150	1
18	150	1
19	150	1
20	150	1
22	150	1
24	150	1
25	150	1
26	150	1
28	150	1
53	150	1
62	150	1
73	150	1
84	150	1
93	150	1
98	150	1
100	150	1
101	150	1
102	150	1
103	150	1
104	150	1
105	150	1
106	150	1
107	150	1
108	150	1
109	150	1
110	150	1
111	150	1
112	150	1
113	150	1
114	150	1
115	150	1
116	150	1
117	150	1
118	150	1
119	150	1
120	150	1
121	150	1
122	150	1
123	150	1
124	150	1
139	150	1
147	150	1
148	150	1
149	150	1
151	150	1
155	150	1
156	150	1
160	150	1
161	150	1
163	150	1
164	150	1
165	150	1
166	150	1
167	150	1
168	150	1
169	150	1
170	150	1
172	150	1
173	150	1
174	150	1
175	150	1
176	150	1
177	150	1
178	150	1
179	150	1
180	150	1
181	150	1
1	151	1
2	151	1
13	151	1
125	151	1
126	151	1
127	151	1
128	151	1
129	151	1
130	151	1
131	151	1
132	151	1
133	151	1
134	151	1
135	151	1
136	151	1
137	151	1
139	151	1
150	151	1
13	152	1
99	152	1
119	152	1
128	152	1
161	152	1
13	153	1
25	153	1
119	153	1
125	153	1
126	153	1
127	153	1
128	153	1
129	153	1
130	153	1
131	153	1
132	153	1
133	153	1
134	153	1
135	153	1
136	153	1
137	153	1
139	153	1
161	153	1
8	154	1
9	154	1
10	154	1
11	154	1
12	154	1
13	154	1
14	154	1
15	154	1
16	154	1
17	154	1
18	154	1
20	154	1
25	154	1
119	154	1
126	154	1
127	154	1
128	154	1
129	154	1
130	154	1
131	154	1
132	154	1
133	154	1
134	154	1
135	154	1
136	154	1
137	154	1
139	154	1
161	154	1
167	154	1
169	154	1
1	155	1
3	155	1
4	155	1
5	155	1
6	155	1
8	155	1
9	155	1
10	155	1
11	155	1
12	155	1
13	155	1
14	155	1
15	155	1
16	155	1
17	155	1
18	155	1
20	155	1
25	155	1
128	155	1
139	155	1
150	155	1
161	155	1
167	155	1
169	155	1
170	155	1
171	155	1
172	155	1
173	155	1
174	155	1
175	155	1
176	155	1
177	155	1
178	155	1
179	155	1
180	155	1
181	155	1
1	156	1
2	156	1
13	156	1
99	156	1
119	156	1
128	156	1
139	156	1
150	156	1
161	156	1
171	156	1
3	157	1
4	157	1
5	157	1
6	157	1
8	157	1
9	157	1
10	157	1
11	157	1
12	157	1
14	157	1
15	157	1
16	157	1
17	157	1
18	157	1
20	157	1
25	157	1
28	157	1
119	157	1
125	157	1
126	157	1
127	157	1
129	157	1
130	157	1
131	157	1
132	157	1
133	157	1
134	157	1
135	157	1
136	157	1
137	157	1
138	157	1
139	157	1
140	157	1
141	157	1
142	157	1
143	157	1
148	157	1
161	157	1
167	157	1
169	157	1
170	157	1
172	157	1
173	157	1
174	157	1
175	157	1
176	157	1
177	157	1
178	157	1
179	157	1
180	157	1
181	157	1
3	158	1
4	158	1
5	158	1
6	158	1
8	158	1
9	158	1
10	158	1
11	158	1
12	158	1
14	158	1
15	158	1
16	158	1
17	158	1
18	158	1
20	158	1
25	158	1
28	158	1
119	158	1
125	158	1
126	158	1
127	158	1
129	158	1
130	158	1
131	158	1
132	158	1
133	158	1
134	158	1
135	158	1
136	158	1
137	158	1
138	158	1
139	158	1
140	158	1
141	158	1
142	158	1
143	158	1
148	158	1
161	158	1
167	158	1
169	158	1
170	158	1
172	158	1
173	158	1
174	158	1
175	158	1
176	158	1
177	158	1
178	158	1
179	158	1
180	158	1
181	158	1
3	159	1
4	159	1
5	159	1
6	159	1
8	159	1
9	159	1
10	159	1
11	159	1
12	159	1
14	159	1
15	159	1
16	159	1
17	159	1
18	159	1
20	159	1
25	159	1
28	159	1
119	159	1
125	159	1
126	159	1
127	159	1
129	159	1
130	159	1
131	159	1
132	159	1
133	159	1
134	159	1
135	159	1
136	159	1
137	159	1
138	159	1
139	159	1
140	159	1
141	159	1
142	159	1
143	159	1
148	159	1
161	159	1
167	159	1
169	159	1
170	159	1
172	159	1
173	159	1
174	159	1
175	159	1
176	159	1
177	159	1
178	159	1
179	159	1
180	159	1
181	159	1
3	160	1
4	160	1
5	160	1
6	160	1
8	160	1
9	160	1
10	160	1
11	160	1
12	160	1
13	160	1
14	160	1
15	160	1
16	160	1
17	160	1
18	160	1
20	160	1
25	160	1
28	160	1
119	160	1
125	160	1
126	160	1
127	160	1
128	160	1
129	160	1
130	160	1
131	160	1
132	160	1
133	160	1
134	160	1
135	160	1
136	160	1
137	160	1
138	160	1
139	160	1
140	160	1
141	160	1
142	160	1
143	160	1
150	160	1
161	160	1
169	160	1
170	160	1
171	160	1
172	160	1
173	160	1
174	160	1
175	160	1
176	160	1
177	160	1
178	160	1
179	160	1
180	160	1
181	160	1
1	161	1
3	161	1
4	161	1
5	161	1
7	161	1
8	161	1
9	161	1
10	161	1
11	161	1
12	161	1
13	161	1
14	161	1
15	161	1
16	161	1
17	161	1
18	161	1
19	161	1
20	161	1
22	161	1
23	161	1
24	161	1
26	161	1
28	161	1
32	161	1
33	161	1
53	161	1
93	161	1
101	161	1
102	161	1
103	161	1
104	161	1
106	161	1
128	161	1
135	161	1
139	161	1
145	161	1
148	161	1
149	161	1
150	161	1
152	161	1
153	161	1
154	161	1
155	161	1
156	161	1
157	161	1
158	161	1
159	161	1
160	161	1
162	161	1
163	161	1
164	161	1
165	161	1
166	161	1
167	161	1
168	161	1
169	161	1
170	161	1
171	161	1
172	161	1
173	161	1
174	161	1
175	161	1
176	161	1
177	161	1
178	161	1
179	161	1
180	161	1
181	161	1
1	162	1
13	162	1
29	162	1
30	162	1
31	162	1
161	162	1
171	162	1
1	163	1
2	163	1
13	163	1
98	163	1
100	163	1
101	163	1
102	163	1
103	163	1
104	163	1
105	163	1
106	163	1
128	163	1
150	163	1
161	163	1
1	164	1
2	164	1
13	164	1
53	164	1
62	164	1
73	164	1
84	164	1
93	164	1
101	164	1
102	164	1
103	164	1
119	164	1
128	164	1
139	164	1
150	164	1
161	164	1
164	164	1
1	165	1
2	165	1
3	165	1
4	165	1
5	165	1
6	165	1
8	165	1
9	165	1
10	165	1
11	165	1
12	165	1
13	165	1
14	165	1
15	165	1
16	165	1
17	165	1
18	165	1
20	165	1
25	165	1
119	165	1
128	165	1
139	165	1
150	165	1
161	165	1
167	165	1
169	165	1
170	165	1
172	165	1
173	165	1
174	165	1
175	165	1
176	165	1
177	165	1
178	165	1
179	165	1
180	165	1
181	165	1
1	166	1
2	166	1
13	166	1
32	166	1
128	166	1
150	166	1
161	166	1
1	167	1
2	167	1
6	167	1
9	167	1
13	167	1
14	167	1
16	167	1
25	167	1
119	167	1
125	167	1
126	167	1
127	167	1
128	167	1
129	167	1
130	167	1
131	167	1
132	167	1
133	167	1
139	167	1
150	167	1
154	167	1
155	167	1
157	167	1
158	167	1
159	167	1
161	167	1
165	167	1
172	167	1
173	167	1
174	167	1
175	167	1
176	167	1
177	167	1
178	167	1
1	168	1
2	168	1
9	168	1
13	168	1
25	168	1
32	168	1
99	168	1
119	168	1
128	168	1
139	168	1
150	168	1
161	168	1
173	168	1
177	168	1
178	168	1
1	169	1
2	169	1
6	169	1
13	169	1
32	169	1
119	169	1
128	169	1
132	169	1
136	169	1
137	169	1
140	169	1
141	169	1
150	169	1
154	169	1
155	169	1
157	169	1
158	169	1
159	169	1
160	169	1
161	169	1
165	169	1
1	170	1
2	170	1
6	170	1
13	170	1
32	170	1
119	170	1
128	170	1
132	170	1
136	170	1
137	170	1
140	170	1
141	170	1
150	170	1
155	170	1
157	170	1
158	170	1
159	170	1
160	170	1
161	170	1
165	170	1
2	171	1
3	171	1
4	171	1
5	171	1
6	171	1
7	171	1
8	171	1
9	171	1
10	171	1
11	171	1
12	171	1
13	171	1
14	171	1
15	171	1
16	171	1
17	171	1
18	171	1
19	171	1
20	171	1
25	171	1
26	171	1
53	171	1
62	171	1
73	171	1
84	171	1
93	171	1
98	171	1
100	171	1
101	171	1
102	171	1
103	171	1
104	171	1
105	171	1
106	171	1
107	171	1
108	171	1
109	171	1
110	171	1
111	171	1
112	171	1
113	171	1
114	171	1
115	171	1
116	171	1
117	171	1
118	171	1
119	171	1
120	171	1
121	171	1
122	171	1
123	171	1
124	171	1
125	171	1
126	171	1
127	171	1
129	171	1
130	171	1
131	171	1
132	171	1
133	171	1
134	171	1
135	171	1
136	171	1
137	171	1
138	171	1
139	171	1
140	171	1
141	171	1
142	171	1
143	171	1
144	171	1
155	171	1
156	171	1
160	171	1
161	171	1
162	171	1
173	171	1
174	171	1
175	171	1
176	171	1
177	171	1
178	171	1
179	171	1
180	171	1
181	171	1
1	172	1
2	172	1
3	172	1
4	172	1
5	172	1
6	172	1
7	172	1
8	172	1
9	172	1
10	172	1
11	172	1
12	172	1
13	172	1
14	172	1
15	172	1
16	172	1
17	172	1
18	172	1
19	172	1
20	172	1
25	172	1
32	172	1
119	172	1
125	172	1
126	172	1
127	172	1
128	172	1
129	172	1
130	172	1
131	172	1
132	172	1
133	172	1
150	172	1
155	172	1
157	172	1
158	172	1
159	172	1
160	172	1
161	172	1
165	172	1
167	172	1
172	172	2
173	172	2
174	172	2
175	172	2
176	172	2
177	172	2
178	172	2
179	172	1
180	172	1
181	172	1
1	173	1
2	173	1
3	173	1
4	173	1
5	173	1
6	173	1
7	173	1
8	173	1
9	173	1
10	173	1
11	173	1
12	173	1
13	173	1
14	173	1
15	173	1
16	173	1
17	173	1
18	173	1
19	173	1
20	173	1
25	173	1
32	173	1
119	173	1
125	173	1
126	173	1
127	173	1
128	173	1
129	173	1
130	173	1
131	173	1
132	173	1
133	173	1
150	173	1
155	173	1
157	173	1
158	173	1
159	173	1
160	173	1
161	173	1
165	173	1
167	173	1
168	173	1
171	173	1
172	173	2
173	173	1
174	173	1
175	173	1
176	173	1
177	173	1
178	173	1
179	173	1
180	173	1
181	173	1
1	174	1
2	174	1
3	174	1
4	174	1
5	174	1
6	174	1
7	174	1
8	174	1
9	174	1
10	174	1
11	174	1
12	174	1
13	174	1
14	174	1
15	174	1
16	174	1
17	174	1
18	174	1
19	174	1
20	174	1
25	174	1
32	174	1
119	174	1
125	174	1
126	174	1
127	174	1
128	174	1
129	174	1
130	174	1
131	174	1
132	174	1
133	174	1
150	174	1
155	174	1
157	174	1
158	174	1
159	174	1
160	174	1
161	174	1
165	174	1
167	174	1
171	174	1
172	174	2
173	174	1
174	174	1
175	174	1
176	174	1
177	174	1
178	174	1
179	174	1
180	174	1
181	174	1
1	175	1
2	175	1
3	175	1
4	175	1
5	175	1
6	175	1
7	175	1
8	175	1
9	175	1
10	175	1
11	175	1
12	175	1
13	175	1
14	175	1
15	175	1
16	175	1
17	175	1
18	175	1
19	175	1
20	175	1
25	175	1
32	175	1
119	175	1
125	175	1
126	175	1
127	175	1
128	175	1
129	175	1
130	175	1
131	175	1
132	175	1
133	175	1
150	175	1
155	175	1
157	175	1
158	175	1
159	175	1
160	175	1
161	175	1
165	175	1
167	175	1
171	175	1
172	175	2
173	175	1
174	175	1
175	175	1
176	175	1
177	175	1
178	175	1
179	175	1
180	175	1
181	175	1
1	176	1
2	176	1
3	176	1
4	176	1
5	176	1
6	176	1
7	176	1
8	176	1
9	176	1
10	176	1
11	176	1
12	176	1
13	176	1
14	176	1
15	176	1
16	176	1
17	176	1
18	176	1
19	176	1
20	176	1
25	176	1
32	176	1
119	176	1
125	176	1
126	176	1
127	176	1
128	176	1
129	176	1
130	176	1
131	176	1
132	176	1
133	176	1
150	176	1
155	176	1
157	176	1
158	176	1
159	176	1
160	176	1
161	176	1
165	176	1
167	176	1
171	176	1
172	176	2
173	176	1
174	176	1
175	176	1
176	176	1
177	176	1
178	176	1
179	176	1
180	176	1
181	176	1
1	177	1
2	177	1
3	177	1
4	177	1
5	177	1
6	177	1
7	177	1
8	177	1
9	177	1
10	177	1
11	177	1
12	177	1
13	177	1
14	177	1
15	177	1
16	177	1
17	177	1
18	177	1
19	177	1
20	177	1
25	177	1
32	177	1
119	177	1
125	177	1
126	177	1
127	177	1
128	177	1
129	177	1
130	177	1
131	177	1
132	177	1
133	177	1
150	177	1
155	177	1
157	177	1
158	177	1
159	177	1
160	177	1
161	177	1
165	177	1
167	177	1
168	177	1
171	177	1
172	177	2
173	177	1
174	177	1
175	177	1
176	177	1
177	177	1
178	177	1
179	177	1
180	177	1
181	177	1
1	178	1
2	178	1
3	178	1
4	178	1
5	178	1
6	178	1
7	178	1
8	178	1
9	178	1
10	178	1
11	178	1
12	178	1
13	178	1
14	178	1
15	178	1
16	178	1
17	178	1
18	178	1
19	178	1
20	178	1
25	178	1
32	178	1
119	178	1
125	178	1
126	178	1
127	178	1
128	178	1
129	178	1
130	178	1
131	178	1
132	178	1
133	178	1
150	178	1
155	178	1
157	178	1
158	178	1
159	178	1
160	178	1
161	178	1
165	178	1
167	178	1
168	178	1
171	178	1
172	178	2
173	178	1
174	178	1
175	178	1
176	178	1
177	178	1
178	178	1
179	178	1
180	178	1
181	178	1
1	179	1
2	179	1
13	179	1
32	179	1
99	179	1
119	179	1
128	179	1
150	179	1
155	179	1
157	179	1
158	179	1
159	179	1
160	179	1
161	179	1
165	179	1
171	179	1
172	179	1
173	179	1
174	179	1
175	179	1
176	179	1
177	179	1
178	179	1
1	180	1
2	180	1
13	180	1
32	180	1
99	180	1
119	180	1
128	180	1
150	180	1
155	180	1
157	180	1
158	180	1
159	180	1
160	180	1
161	180	1
165	180	1
171	180	1
172	180	1
173	180	1
174	180	1
175	180	1
176	180	1
177	180	1
178	180	1
1	181	1
2	181	1
13	181	1
32	181	1
99	181	1
119	181	1
128	181	1
150	181	1
155	181	1
157	181	1
158	181	1
159	181	1
160	181	1
161	181	1
165	181	1
171	181	1
172	181	1
173	181	1
174	181	1
175	181	1
176	181	1
177	181	1
178	181	1